998
408
37
318
121
0
40
7
334
348
999
97
248
70
124
302
131
94
876
269
174
106
141
585
208
450
390
186
161
39
12
47
69
183
754
330
308
171
156
16
72
548
792
66
430
417
183
203
75
21
705
673
10
29
134
163
134
17
178
209
347
430
438
363
308
265
162
88
77
232
572
3
38
515
346
128
499
5
121
275
26
504
16
786
265
516
164
17
219
20
170
39
756
453
39
524
43
203
20
776
14
330
210
722
427
781
318
26
28
204
217
282
134
10
368
196
2
447
1
269
313
83
30
34
678
219
586
615
408
304
852
441
836
627
385
412
203
266
37
40
111
640
214
17
144
215
17
122
151
109
611
139
233
12
135
114
350
99
3
221
382
180
56
281
100
869
3
376
26
100
233
226
487
224
39
91
273
225
312
39
530
310
419
594
445
257
522
582
506
43
608
831
86
157
336
529
18
340
466
24
369
291
47
237
22
262
412
19
61
460
86
66
315
161
484
188
51
19
99
84
392
23
567
10
88
624
81
331
388
74
16
162
423
428
673
206
18
2
598
39
263
349
9
334
64
274
67
111
235
177
105
334
237
101
763
451
427
107
411
307
261
512
782
339
33
249
133
410
277
100
190
468
505
183
56
167
142
50
118
224
165
346
4
107
563
6
57
398
176
315
4
92
130
303
138
64
160
283
59
518
17
313
249
129
23
54
229
226
154
93
476
326
59
356
305
145
598
309
634
131
248
408
2
6
558
35
441
126
574
161
198
423
40
60
369
66
366
243
369
52
357
683
262
143
154
224
750
42
329
358
231
182
807
149
349
383
156
739
120
601
3
124
234
266
455
33
74
48
266
126
657
10
73
747
334
18
33
340
95
135
117
37
647
474
36
9
181
334
42
31
44
584
72
24
12
175
9
186
282
27
406
270
697
195
175
139
283
73
37
352
421
14
280
351
214
348
261
210
6
79
102
133
148
36
43
101
449
60
144
17
358
63
536
708
375
5
135
133
37
673
72
238
438
17
71
472
361
343
403
7
380
279
174
153
31
278
72
84
447
24
209
17
134
418
7
557
365
42
353
231
73
235
805
22
72
311
349
7
625
304
475
178
382
853
25
28
44
424
20
218
445
43
164
312
339
690
313
242
359
691
637
668
130
205
585
48
132
251
153
243
8
169
254
90
600
286
246
99
315
110
10
43
373
65
19
147
527
671
417
221
545
205
770
703
207
27
166
242
383
130
846
153
4
9
223
52
22
92
5
48
729
494
56
59
390
342
324
856
75
172
378
253
162
209
393
363
261
404
264
221
320
194
147
156
1
267
140
130
290
328
349
131
715
126
587
541
607
520
125
50
18
89
334
259
295
1
57
384
21
14
76
63
243
97
200
36
114
59
385
198
156
126
351
43
9
320
178
194
187
46
87
92
715
446
385
67
119
201
158
181
682
90
499
646
11
12
76
289
317
13
20
178
351
434
54
220
864
58
3
240
822
249
661
291
214
354
137
417
291
742
244
412
599
98
288
505
326
639
455
594
569
339
286
419
389
58
41
89
7
690
70
94
126
392
35
16
579
125
16
145
61
48
457
121
140
179
397
114
476
9
737
165
419
137
50
200
292
641
54
7
37
408
65
122
591
161
271
167
5
34
707
783
148
195
458
577
721
528
481
202
38
335
752
272
405
110
55
593
230
476
97
256
105
424
102
599
10
601
663
138
633
77
83
29
440
253
65
37
518
63
260
774
402
541
143
42
306
146
58
238
321
471
705
478
312
231
219
175
218
87
66
63
56
235
22
366
77
96
253
227
615
2
124
64
86
14
349
120
35
416
35
800
99
15
40
28
150
134
79
96
506
69
54
215
32
246
958
272
161
74
94
100
22
617
151
50
9
349
79
273
406
25
260
185
317
133
626
371
553
59
528
144
163
84
103
2
97
415
249
610
137
839
142
520
45
387
439
79
68
199
75
92
140
319
1
59
60
41
244
623
3
89
409
212
133
542
359
63
695
2
88
170
102
774
138
290
199
17
925
705
445
108
140
891
52
82
431
516
189
358
316
41
213
421
353
82
167
837
430
81
59
21
214
192
91
594
70
40
223
129
262
670
702
325
14
28
337
340
256
302
616
197
144
654
127
279
378
222
112
95
176
190
311
238
294
135
151
281
46
139
632
94
517
55
900
25
134
122
62
26
11
349
266
229
10
102
20
8
4
40
759
21
49
523
8
332
62
433
439
36
120
65
94
26
26
92
322
607
127
1
763
653
85
49
73
90
180
214
2
364
